288.69 288.69 288.69 288.69 288.69 
389.36 389.36 389.36 389.36 389.36 
97.92 97.92 97.92 97.92 97.92
179.37 179.37 179.37 179.37 179.37 
197.86 197.86 197.86 197.86 197.86 
219.15 219.15 219.15 219.15 219.15 
322 322 322 322 322
198 198 198 198 198
456.36 456.36 456.36 456.36 456.36
169.69 169.69 169.69 169.69 169.69
62.44 62.44 62.44 62.44 62.44 
111.41 111.41 111.41 111.41 111.41 
311.62 311.62 311.62 311.62 311.62 
459.59 459.59 459.59 459.59 459.59 
471.76 471.76 471.76 471.76 471.76 
280.88 280.88 280.88 280.88 280.88
590.20 590.20 590.20 590.20 590.20 
62.44 62.44 62.44 62.44 62.44 
111.41 111.41 111.41 111.41 111.41 
717.92 717.92 717.92 717.92 717.92 
200.66 200.66 200.66 200.66 200.66 
459.59 459.59 459.59 459.59 459.59 
102.83 102.83 102.83 102.83 102.83 
533.08 533.08 533.08 533.08 533.08 
671.33 671.33 671.33 671.33 671.33 
500.66 500.66 500.66 500.66 500.66 
136.11 136.11 136.11 136.11 136.11 
441.94 441.94 441.94 441.94 441.94 
168.68 168.68 168.68 168.68 168.68 
505.93 505.93 505.93 505.93 505.93